409A Huatulco          Mexico               2015 15 40N 096 29W 0000 3 00000R MM
409A Huat  201501011 1243 1471 1726 1953 2102 2148 2081 1921 1701 1476 1298 1207
409A Huat  201501012 1228 1340 1506 1676 1793 1829 1784 1661 1495 1322 1177 1102
409A Huat  201501021 1121 1251 1464 1713 1938 2093 2140 2070 1909 1701 1488 1306
409A Huat  201501022 1200 1202 1300 1449 1605 1732 1798 1772 1656 1490 1311 1174
409A Huat  201501031 1110 1149 1280 1480 1716 1928 2064 2090 2013 1853 1643 1428
409A Huat  201501032 1267 1175 1189 1289 1432 1602 1742 1810 1776 1654 1491 1321
409A Huat  201501041 1171 1109 1158 1307 1514 1746 1955 2091 2112 2026 1854 1631
409A Huat  201501042 1397 1212 1128 1156 1266 1431 1617 1765 1828 1797 1678 1511
409A Huat  201501051 1333 1203 1155 1210 1353 1560 1804 2010 2136 2153 2054 1867
409A Huat  201501052 1629 1387 1208 1131 1172 1304 1493 1686 1826 1884 1852 1734
409A Huat  201501061 1538 1344 1216 1183 1253 1420 1642 1874 2060 2154 2147 2026
409A Huat  201501062 1819 1573 1345 1188 1142 1206 1356 1551 1745 1884 1920 1853
409A Huat  201501071 1707 1514 1335 1222 1213 1308 1484 1706 1927 2092 2161 2106
409A Huat  201501072 1946 1714 1463 1257 1128 1107 1208 1395 1618 1815 1933 1946
409A Huat  201501081 1848 1678 1471 1296 1205 1216 1332 1506 1718 1922 2061 2098
409A Huat  201501082 2017 1829 1578 1339 1146 1070 1107 1250 1459 1677 1852 1942
409A Huat  201501091 1921 1804 1617 1423 1276 1209 1245 1370 1552 1766 1960 2064
409A Huat  201501092 2058 1939 1741 1491 9999 1115 1080 1161 1325 1536 1733 1868
409A Huat  201501101 1905 1838 1696 1509 1327 1196 1160 1222 1366 1563 1771 1929
409A Huat  201501102 1985 1928 1765 1537 1307 1132 1060 1082 1197 1394 1618 1803
409A Huat  201501111 1912 1925 1837 1663 1452 1276 1173 1164 1250 1414 1621 1806
409A Huat  201501112 1920 1928 1836 1656 1427 1220 1077 1036 1101 1272 1502 1721
409A Huat  201501121 1880 1948 1918 1798 1620 1430 1280 1195 1197 1291 1457 1646
409A Huat  201501122 1806 1883 1849 1723 1527 1323 1164 1075 1073 1161 1338 1557
409A Huat  201501131 1768 1908 1948 1878 1730 1547 1372 1242 1183 1223 1353 1524
409A Huat  201501132 1688 1804 1838 1789 1654 1477 1294 1151 1086 1132 1278 1477
409A Huat  201501141 1691 1877 1986 1989 1909 1761 1578 1404 1291 1254 1296 1404
409A Huat  201501142 1564 1711 1792 1796 1715 1586 1432 1287 1176 1144 1219 1386
409A Huat  201501151 1586 1774 1921 1998 1979 1873 1722 1551 1394 1288 1258 1308
409A Huat  201501152 1421 1561 1681 1734 1700 1603 1475 1332 1198 1119 1109 1178
409A Huat  201501161 1343 1546 1727 1866 1925 1886 1768 1600 1441 1319 1243 1222
409A Huat  201501162 1276 1387 1516 1611 1638 1611 1536 1425 1284 1156 1086 1112
409A Huat  201501171 1219 1384 1584 1764 1886 1932 1905 1794 1624 1443 1299 1216
409A Huat  201501172 1208 1275 1393 1523 1610 1642 1614 1521 1374 1216 1094 1037
409A Huat  201501181 1065 1191 1381 1596 1788 1909 1939 1872 1737 1559 1373 1224
409A Huat  201501182 1134 1132 1205 1316 1433 1537 1590 1566 1472 1328 1182 1073
409A Huat  201501191 1031 1067 1198 1410 1645 1847 1975 1999 1917 1749 1541 1340
409A Huat  201501192 1178 1094 1100 1197 1340 1486 1614 1680 1644 1526 1364 1202
409A Huat  201501201 1066  997 1039 1190 1413 1657 1877 2024 2059 1985 1823 1598
409A Huat  201501202 1350 1150 1059 1077 1174 1339 1534 1694 1770 1739 1604 1415
409A Huat  201501211 1212 1048  965  995 1154 1408 1691 1926 2070 2090 1985 1775
409A Huat  201501212 1513 1249 1050  959  990 1146 1369 1607 1801 1890 1852 1699
409A Huat  201501221 1468 1228 1043  963 1016 1183 1434 1716 1959 2110 2123 1993
409A Huat  201501222 1749 1450 1158  944  856  934 1138 1417 1689 1898 1986 1928
409A Huat  201501231 1744 1484 1209  986  886  936 1132 1415 1722 1985 2124 2109
409A Huat  201501232 1943 1672 1353 1058  846  794  905 1151 1458 1756 1971 2050
409A Huat  201501241 1977 1777 1501 1214  992  893  942 1135 1425 1742 1996 2124
409A Huat  201501242 2089 1905 1611 1285  994  806  781  926 1217 1569 1884 2101
409A Huat  201501251 2177 2091 1870 1573 1276 1054  965 1037 1247 1526 1812 2041
409A Huat  201501252 2137 2081 1880 1586 1262  994  854  866 1027 1306 1632 1933
409A Huat  201501261 2128 2174 2060 1815 1511 1206  988  907  972 1170 1444 1718
409A Huat  201501262 1916 1982 1905 1706 1410 1097  852  758  815 1024 1331 1655
409A Huat  201501271 1923 2083 2107 1989 1763 1473 1205 1016  944 1011 1204 1467
409A Huat  201501272 1713 1878 1927 1838 1614 1330 1055  859  790  854 1057 1341
409A Huat  201501281 1642 1885 2024 2029 1903 1676 1409 1160  984  928 1000 1182
409A Huat  201501282 1410 1623 1771 1808 1704 1496 1239 1008  854  809  886 1085
409A Huat  201501291 1350 1621 1843 1955 1953 1832 1623 1375 1148 1002  966 1036
409A Huat  201501292 1195 1401 1594 1727 1736 1629 1439 1225 1034  914  901  996
409A Huat  201501301 1192 1439 1690 1891 1990 1960 1826 1630 1404 1194 1053 1013
409A Huat  201501302 1083 1233 1425 1608 1712 1718 1627 1459 1261 1088  987  984
409A Huat  201501311 1081 1266 1490 1698 1853 1937 1935 1828 1640 1429 1240 1118
409A Huat  201501312 1091 1158 1291 1447 1583 1671 1682 1612 1473 1302 1147 1055
409A Huat  201502011 1047 1136 1294 1486 1689 1850 1936 1914 1803 1630 1434 1258
409A Huat  201502012 1141 1105 1152 1273 1428 1572 1660 1667 1600 1470 1328 1198
409A Huat  201502021 1107 1094 1171 1323 1513 1699 1841 1905 1879 1766 1607 1425
409A Huat  201502022 1254 1136 1100 1148 1255 1408 1569 1675 1711 1655 1528 1387
409A Huat  201502031 1251 1154 1142 1207 1337 1521 1723 1882 1963 1932 1805 1619
409A Huat  201502032 1415 1242 1138 1121 1184 1304 1468 1625 1725 1745 1668 1521
409A Huat  201502041 1354 1201 1114 1113 1215 1386 1589 1774 1901 1938 1874 1731
409A Huat  201502042 1545 1345 1171 1073 1086 1179 1328 1499 1653 1742 1746 1671
409A Huat  201502051 1530 1351 1193 1113 1123 1220 1387 1588 1771 1890 1912 1828
409A Huat  201502052 1650 1445 1244 1082 1015 1056 1194 1392 1601 1757 1817 1772
409A Huat  201502061 1643 1458 1255 1094 1039 1094 1225 1407 1615 1794 1895 1882
409A Huat  201502062 1766 1575 1356 1159 1037 1023 1109 1275 1483 1678 1805 1829
409A Huat  201502071 1750 1588 1393 1212 1086 1047 1115 1268 1469 1675 1833 1882
409A Huat  201502072 1822 1673 1462 1238 1050  956  987 1129 1337 1549 1724 1823
409A Huat  201502081 1825 1732 1549 1331 1135 1023 1018 1115 1289 1493 1684 1804
409A Huat  201502082 1817 1730 1557 1331 1113  968  931 1002 1172 1404 1625 1783
409A Huat  201502091 1839 1788 1648 1447 1237 1076 1002 1024 1144 1331 1530 1692
409A Huat  201502092 1767 1737 1606 1404 1183 1002  908  928 1058 1269 1498 1698
409A Huat  201502101 1824 1847 1763 1604 1399 1210 1079 1050 1111 1253 1441 1619
409A Huat  201502102 1737 1778 1724 1574 1356 1143 1014  979 1050 1207 1417 1640
409A Huat  201502111 1821 1915 1892 1774 1590 1392 1226 1128 1115 1189 1334 1507
409A Huat  201502112 1667 1759 1762 1667 1485 1285 1108 1006 1006 1105 1290 1515
409A Huat  201502121 1726 1874 1919 1862 1719 1519 1321 1168 1090 9999 1196 1349
409A Huat  201502122 1517 1645 1702 1667 1539 1360 1164 1026  977 1020 1154 1356
409A Huat  201502131 1584 1776 1885 1901 1826 1675 1484 1304 1171 1117 1153 1264
409A Huat  201502132 1416 1560 1655 1679 1611 1478 1320 1164 1057 1033 1103 1262
409A Huat  201502141 1462 1665 1823 1907 1898 1794 1634 1451 1286 1173 1136 1182
409A Huat  201502142 1288 1423 9999 1625 1637 1559 1425 1268 1130 1038 1026 1107
409A Huat  201502151 1271 1476 1676 1829 1908 1896 1792 1621 1432 1263 1155 1124
409A Huat  201502152 1178 1296 1443 1574 1645 1639 1558 1414 1241 1085  986  983
409A Huat  201502161 1076 1250 1463 1667 1822 1899 1878 1766 1583 1383 1211 1096
409A Huat  201502162 1063 1116 1242 1394 1529 1619 1631 1555 1414 1240 1076  968
409A Huat  201502171  943 1029 1202 1418 1640 1818 1904 1878 1744 1543 1330 1157
409A Huat  201502172 1059 1046 1115 1240 1396 1552 1672 1698 1624 1474 1292 1110
409A Huat  201502181  983  958 1043 1226 1464 1702 1892 1989 1970 1844 1639 1398
409A Huat  201502182 1177 1033  994 1076 1234 1438 1641 1787 1826 1754 1584 1370
409A Huat  201502191 1147  986  930  998 1181 1439 1706 1914 2006 1976 1828 1588
409A Huat  201502192 1315 1077  932  905 1017 1228 1488 1727 1901 1957 1869 1668
409A Huat  201502201 1406 1148  949  874  942 1133 1399 1681 1903 2004 1968 1801
409A Huat  201502202 1538 1242  993  845  830  959 1210 1518 1795 1976 2022 1927
409A Huat  201502211 1704 1410 1117  895  817  905 1122 1404 1692 1909 2013 1964
409A Huat  201502212 1769 1478 1158  883  735  749  922 1215 1564 1875 2069 2108
409A Huat  201502221 1990 1738 1405 1086  854  782  873 1095 1391 1691 1908 1982
409A Huat  201502222 1903 1696 1398 1072  816  693  742  947 1271 1636 1950 2142
409A Huat  201502231 2169 2030 1759 1424 1113  899  825  913 1137 1433 1724 1933
409A Huat  201502232 2006 1924 1708 1401 1079  831  733  813 1043 1377 1731 2028
409A Huat  201502241 2199 2195 2032 1747 1408 1107  911  854  952 1182 1484 1772
409A Huat  201502242 1963 2007 1901 1664 1353 1056  849  784  872 1099 1418 1766
409A Huat  201502251 2043 2181 2156 1977 1692 1362 1073  902  873  989 1228 1512
409A Huat  201502252 1767 1917 1926 1795 1556 1273 1012  837  801  912 1142 1443
409A Huat  201502261 1750 9999 2083 2036 1861 1591 1294 1049  903  895 1030 1247
409A Huat  201502262 1482 1684 1809 1808 1678 1463 1218  997  862  848  974 1197
409A Huat  201502271 1472 1738 1932 2002 1946 1778 1532 1280 1065  953  964 1083
409A Huat  201502272 1275 1494 1675 1766 1746 1624 1446 1240 1059  947  950 1071
409A Huat  201502281 1275 1514 1735 1886 1939 1877 1717 1499 1277 1101 1009 1024
409A Huat  201502282 1137 1317 1504 1650 1707 1662 1541 1379 1207 1058  977 1002
409A Huat  201503011 1121 1305 1509 1694 1819 1855 1799 1656 1470 1289 1141 1057
409A Huat  201503012 1062 1153 1307 1467 1603 1664 1634 1528 1377 1216 1093 1045
409A Huat  201503021 1065 1163 1321 1501 1661 1774 1800 1736 1596 1421 1255 1129
409A Huat  201503022 1076 1108 1208 1349 1491 1605 1661 1643 1548 1400 1249 1127
409A Huat  201503031 1072 1104 1213 1372 1544 1701 1806 1822 1761 1629 1461 1295
409A Huat  201503032 1160 1103 1132 1243 1394 1539 1655 1715 1692 1589 1439 1281
409A Huat  201503041 1153 1085 1099 1207 1379 1570 1732 1827 1838 1756 1603 1431
409A Huat  201503042 1267 1147 1111 1165 1290 1456 1611 1725 1765 1724 1616 1459
409A Huat  201503051 1295 1167 1109 1131 1245 1407 1573 1716 1798 1793 1694 1537
409A Huat  201503052 1358 1196 1089 1075 1153 1285 1447 1608 1727 1779 1748 1636
409A Huat  201503061 1463 1280 1143 1087 1126 1244 1407 1579 1724 1798 1782 1680
409A Huat  201503062 1512 1313 1142 1051 1054 1156 1326 1529 1714 1848 1899 1853
409A Huat  201503071 1715 1510 1307 1173 1137 1209 1364 1552 1731 1855 1893 1834
409A Huat  201503072 1696 1510 1312 1160 1089 1128 1261 1463 1674 1850 1934 1910
409A Huat  201503081 1790 1596 1378 1189 1090 1093 1186 1349 1550 1722 1826 1838
409A Huat  201503082 1753 1582 1380 1191 1065 1043 1118 1295 1523 1745 1902 1956
409A Huat  201503091 1904 1755 1550 1333 1168 1087 1107 1233 1419 1613 1772 1855
409A Huat  201503092 1844 1737 1556 1349 1169 1077 1100 1231 1435 1668 1870 1991
409A Huat  201503101 1998 1905 1721 1491 1283 1138 1089 1138 1275 1470 1662 1795
409A Huat  201503102 1838 1780 1630 1421 1207 1056 1014 1090 9999 1506 1748 1929
409A Huat  201503111 2003 1963 1824 1615 1390 1202 1096 1089 1187 1353 1550 1717
409A Huat  201503112 1812 1811 1724 1551 1343 1166 1067 1072 1184 1389 1634 1863
409A Huat  201503121 2020 2071 1999 1816 1577 1348 1185 1116 1149 1280 1469 1660
409A Huat  201503122 1810 1874 1837 1705 1498 1294 1155 1110 1155 1313 1537 1775
409A Huat  201503131 1974 2088 2089 1979 1793 1569 1361 1216 1169 1224 1364 1549
409A Huat  201503132 1726 1840 1865 1788 1622 1422 1242 1118 1095 1177 1359 1595
409A Huat  201503141 1828 1989 2046 2009 1879 1684 1470 1290 1179 1172 1263 1416
409A Huat  201503142 1583 1723 1796 1782 1682 1525 1346 1195 1112 1129 1244 1437
409A Huat  201503151 1657 1850 1987 2040 1984 1835 1637 1445 1292 1204 1212 1304
409A Huat  201503152 1456 1620 1742 1792 1756 1642 1477 1310 1178 1118 1150 1274
409A Huat  201503161 1462 1677 1869 1994 2015 1937 1786 1602 1412 1266 1206 1239
409A Huat  201503162 1345 1499 1659 1783 1834 1804 1689 1527 1356 1223 1160 1190
409A Huat  201503171 1307 1493 1705 1890 2014 2050 1980 1822 1615 1413 1254 1179
409A Huat  201503172 1201 1312 1473 1643 1779 1843 1811 1692 1520 1334 1181 1093
409A Huat  201503181 1108 1226 1411 1628 1823 1961 2000 1938 1780 1569 1358 1196
409A Huat  201503182 1125 1159 1294 1474 1659 1812 1893 1875 1767 1584 1383 1206
409A Huat  201503191 1104 1096 1192 1368 1587 1796 1939 1977 1902 1732 1518 1299
409A Huat  201503192 1119 1036 1071 1212 1427 1668 1865 1973 1966 1845 1634 1395
409A Huat  201503201 1185 1049 1022 1111 1306 1553 1785 1949 2001 1931 1753 1507
409A Huat  201503202 1254 1066  997 1048 1218 1459 1732 1961 2090 2094 1973 1747
409A Huat  201503211 1464 1205 1041 1006 1095 1285 1537 1784 1948 1995 1911 1723
409A Huat  201503212 1465 1194  988  896  953 1152 1443 1767 2046 2197 2180 2016
409A Huat  201503221 1743 1426 1131  940  897 1000 1221 1506 1768 1944 1996 1900
409A Huat  201503222 1677 1390 1120  925  859  930 1138 1445 1777 2057 2206 2189
409A Huat  201503231 2014 1724 1393 1093  899  864  974 1206 1500 1777 1962 2003
409A Huat  201503232 1889 1649 1342 1044  842  798  915 1167 1502 1849 2115 2247
409A Huat  201503241 2203 2004 1703 1356 1049  857  825  959 1214 1524 1799 1963
409A Huat  201503242 1983 1869 1635 1346 1067  879  832  947 1205 1544 1881 2132
409A Huat  201503251 2241 2188 1975 1670 1330 1046  883  879 1021 1277 1566 1825
409A Huat  201503252 1966 1966 1831 1590 1295 1034  886  887 1031 1300 1628 1930
409A Huat  201503261 2138 2206 2109 1891 1585 1284 1041  913  922 1070 1315 1589
409A Huat  201503262 1809 1923 1903 1755 1517 1259 1046  938  960 1108 1349 1639
409A Huat  201503271 1916 2091 2116 1999 1783 1507 1236 1037  954  990 1143 1378
409A Huat  201503272 1619 1806 1884 1829 1658 1434 1207 1023  931  959 1120 1356
409A Huat  201503281 1617 1841 1975 1985 1880 1668 1411 1178 1018  971 1041 1197
409A Huat  201503282 1405 1612 1766 1816 1756 1601 1405 1222 1086 1040 1103 1252
409A Huat  201503291 1467 1708 1899 1988 1969 1853 1668 1454 1258 1119 1075 1139
409A Huat  201503292 1287 1481 1657 1767 1787 1714 1563 1372 1198 1092 1059 1112
409A Huat  201503301 1244 1424 1621 1773 1843 1825 1723 1563 1385 1222 1109 1084
409A Huat  201503302 1170 1317 1486 1639 1737 1761 1711 1598 1444 1289 1190 1173
409A Huat  201503311 1217 1324 1467 1629 1757 1815 1793 1704 1556 1388 1245 1158
409A Huat  201503312 1146 1210 1341 1495 1643 1738 1757 1709 1597 1451 1313 1213
409A Huat  201504011 1174 1213 1323 1483 1648 1772 1825 1810 1728 1590 1425 1280
409A Huat  201504012 1194 1191 1265 1390 1544 1693 1795 1822 1758 1631 1473 1325
409A Huat  201504021 1230 1200 1240 1343 1488 1634 1747 1788 1751 1645 1501 1353
409A Huat  201504022 1223 1148 1159 1246 1392 1563 1719 1809 1817 1740 1612 1456
409A Huat  201504031 1306 1199 1173 1237 1352 1499 1641 1739 1769 1719 1601 1440
409A Huat  201504032 1286 1170 1128 1173 1289 1455 1633 1777 1851 1836 1740 1580
409A Huat  201504041 1400 1239 1135 1117 1183 1311 1461 1603 1704 1745 1691 1567
409A Huat  201504042 1399 1244 1139 1120 1191 1341 1532 1718 1862 1921 1877 1749
409A Huat  201504051 1561 1354 1180 1084 1093 1194 1351 1523 1672 1757 1764 1685
409A Huat  201504052 1530 1343 1176 1095 1113 1229 1413 1632 1849 1994 2027 1938
409A Huat  201504061 1764 1553 1360 1230 1177 1219 1337 1504 1684 1824 1886 1844
409A Huat  201504062 1713 1527 1328 1180 1122 1168 1311 1511 1736 1929 2035 2023
409A Huat  201504071 1897 1692 1452 1244 1117 1089 1157 1297 1479 1663 1794 1831
409A Huat  201504072 1760 1596 1403 1227 1118 1109 1208 1385 1613 1845 2020 2095
409A Huat  201504081 2044 1886 1658 1412 1207 1096 1089 1185 1360 1553 1728 1829
409A Huat  201504082 1822 1716 1543 1343 1184 1105 1129 1257 1460 1709 1932 2062
409A Huat  201504091 2081 1993 1810 1577 1355 1189 1116 1157 1297 1488 1676 1817
409A Huat  201504092 1874 1833 1701 1497 1290 1135 1086 1146 1319 1560 1810 2013
409A Huat  201504101 2116 2100 1956 1730 1479 1255 1108 1064 1142 1310 1514 1691
409A Huat  201504102 1814 1843 1774 1613 1411 1222 1103 1084 1181 1374 1625 1865
409A Huat  201504111 2034 2087 2016 1842 1608 1372 1190 1099 1104 1203 1383 1587
409A Huat  201504112 1759 1846 1830 1716 1546 1355 1190 1095 1104 1227 1426 1663
409A Huat  201504121 1884 2019 2042 1943 1758 1530 1306 1144 1082 1129 1262 1446
409A Huat  201504122 1632 1780 1847 1809 1675 1489 1301 1147 1078 1116 1257 1468
409A Huat  201504131 1692 1870 1983 2005 1908 1713 1478 1270 1136 1087 1137 1270
409A Huat  201504132 1453 1644 1787 1847 1808 1680 1482 1287 1132 1064 1108 1245
409A Huat  201504141 1451 1667 1839 1925 9999 9999 9999 9999 1229 1097 1070 1143
409A Huat  201504142 1289 1476 1657 1787 1843 1802 1675 1485 1300 1165 1118 1165
409A Huat  201504151 1292 1479 1682 1850 1925 1891 1757 1564 1359 1191 1090 1083
409A Huat  201504152 1171 1333 1533 1733 1877 1927 1865 1705 1497 1292 1142 1089
409A Huat  201504161 1147 1290 1485 1683 1845 1931 1907 1785 1590 1373 1185 1073
409A Huat  201504162 1071 1168 1340 1558 1780 1946 2011 1963 1816 1597 1370 1191
409A Huat  201504171 1090 1096 1211 1416 1632 1805 1889 1869 1749 1552 1337 1141
409A Huat  201504172 1017 1011 1124 1330 1578 1813 1993 2064 2013 1855 1626 1382
409A Huat  201504181 1184 1071 1070 1171 1354 1575 1764 1877 1879 1770 1569 1332
409A Huat  201504182 1122  988  979 1086 1303 1582 1869 2086 2178 2124 1944 1687
409A Huat  201504191 1397 1151 1007  993 1110 1316 1560 1782 1912 1918 1793 1576
409A Huat  201504192 1315 1079  932  926 1073 1332 1642 1939 2161 2253 2198 2001
409A Huat  201504201 1709 1387 1104  937  937 1085 1321 1596 1819 1951 1951 1817
409A Huat  201504202 1587 1319 1074  929  932 1085 1362 1710 2024 2241 2309 2222
409A Huat  201504211 1996 1695 1371 1097  948  949 1094 1334 1608 1842 1969 1953
409A Huat  201504212 1802 1548 1271 1044  926  948 1118 1394 1714 2014 2225 2286
409A Huat  201504221 2172 1941 1629 1307 1054  932  964 1127 1385 1659 1884 1994
409A Huat  201504222 1963 1812 1571 1310 1089  976 1019 1193 1474 1798 2090 2263
409A Huat  201504231 2285 2160 1911 1581 1261 1038  944  996 1179 1441 1714 1927
409A Huat  201504232 2015 1960 1788 1548 1296 1102 1013 1050 1221 1493 1796 2055
409A Huat  201504241 2204 2199 2048 1797 1501 1218 1024  963 1045 1233 1478 1719
409A Huat  201504242 1885 1941 1874 1711 1485 1251 1078 1015 1085 1273 1539 1817
409A Huat  201504251 2031 2137 2105 1947 1699 1424 1182 1033 1005 1093 1272 1507
409A Huat  201504252 1744 1894 1928 1841 1676 1466 1270 1134 1095 1175 1363 1610
409A Huat  201504261 1843 2005 2060 2005 1855 1641 1409 1207 1083 1077 1184 1379
409A Huat  201504262 1598 1788 1904 1911 1825 1667 1481 1310 1193 1169 1250 1417
409A Huat  201504271 1629 1824 1955 1991 1922 1781 1592 1392 1231 1146 1165 1283
409A Huat  201504272 1462 1650 1805 1887 1888 1809 1669 1497 1340 1247 1238 1321
409A Huat  201504281 1470 1629 1779 1886 1911 1847 1712 1544 1370 1240 1190 1227
409A Huat  201504282 1333 1493 1665 1793 1860 1856 1790 1660 1503 1369 1287 1281
409A Huat  201504291 1358 1482 1610 1735 1816 1826 1765 1641 1491 1343 1237 1200
409A Huat  201504292 1249 1373 1537 1705 1831 1895 1879 1787 1646 1496 1368 1293
409A Huat  201504301 1292 1360 1476 1606 1718 1779 1778 1712 1595 1455 1330 1256
409A Huat  201504302 1245 1307 1443 1617 1785 1897 1950 1935 1846 1701 1537 1407
409A Huat  201505011 1334 1338 1418 1545 1685 1798 1861 1848 1761 1623 1477 1349
409A Huat  201505012 1285 1286 1370 1520 1693 1858 1976 2009 1954 1838 1683 1520
409A Huat  201505021 1391 1329 1335 1416 1545 1682 1783 1834 1823 1742 1607 1462
409A Huat  201505022 1334 1274 1307 1415 1577 1750 1901 1996 2005 1947 1824 1660
409A Huat  201505031 1499 1365 1297 1325 1413 1544 1679 1779 1830 1818 1741 1617
409A Huat  201505032 1474 1362 1326 1368 1486 1659 1863 2036 2120 2096 1987 1818
409A Huat  201505041 1630 1454 1327 1285 1329 1434 1581 1728 1829 1848 1796 1683
409A Huat  201505042 1524 1368 1272 1257 1333 1500 1715 1924 2090 2172 2145 2011
409A Huat  201505051 1798 1566 1373 1260 1251 1338 1492 1655 1804 1900 1899 1811
409A Huat  201505052 1658 1481 1320 1234 1258 1392 1595 1833 2047 2195 2231 2153
409A Huat  201505061 1977 1746 1508 1321 1225 1240 1350 1514 1704 1852 1923 1887
409A Huat  201505062 1775 1602 1411 1265 1218 1287 1453 1695 1949 2152 2265 2264
409A Huat  201505071 2138 1921 1658 1415 1254 1201 1256 1388 1567 1748 1877 1918
409A Huat  201505072 1866 1726 1532 1341 1212 1195 1294 1491 1733 1980 2168 2253
409A Huat  201505081 2221 2071 1833 1566 1334 1201 1180 1260 1426 1635 1824 1944
409A Huat  201505082 1958 1863 1686 1469 1271 1171 1182 1307 9999 1765 2006 2173
409A Huat  201505091 2230 2166 1980 1714 1446 1247 1147 1156 1275 1469 1686 1865
409A Huat  201505092 1953 1939 1828 1637 1412 1239 1161 1190 1336 1577 1853 2088
409A Huat  201505101 2224 2230 2109 1896 1637 1384 1202 1133 1189 1340 1547 1758
409A Huat  201505102 1930 2008 1984 1851 1632 1409 1244 1183 1230 1386 1622 1879
409A Huat  201505111 2080 2188 2179 2053 1831 1569 1331 1170 1126 1206 1384 1605
409A Huat  201505112 1812 1966 2028 1984 1831 1608 1393 1248 1201 1263 1438 1678
409A Huat  201505121 1911 2085 2161 2114 1961 1732 1489 1286 1158 1141 1233 1420
409A Huat  201505122 1641 1842 1986 2015 1939 1790 1587 1389 1250 1195 1264 1431
409A Huat  201505131 1646 1859 2011 2065 2004 1845 1631 1402 1220 1119 1136 1259
409A Huat  201505132 1447 1673 1903 2054 2087 2002 1821 1601 1404 1266 1217 1270
409A Huat  201505141 1420 1623 1824 1973 2025 1983 1838 1624 1393 1208 1113 1139
409A Huat  201505142 1269 1484 1725 1923 2060 2114 2059 1903 1688 1466 1288 1213
409A Huat  201505151 1250 1375 1571 1769 1916 1984 1940 1792 1569 1346 1185 1111
409A Huat  201505152 1149 1296 1510 1741 1974 2151 2214 2142 1966 1749 1530 1348
409A Huat  201505161 1250 1248 1351 1523 1718 1879 1956 1917 1783 1580 1379 1214
409A Huat  201505162 1118 1136 1262 1472 1737 1994 2181 2244 2182 1990 1738 1495
409A Huat  201505171 1295 1176 1166 1260 1435 1655 1851 1952 1930 1803 1608 1385
409A Huat  201505172 1197 1103 1120 1268 1520 1812 2078 2263 2323 2254 2051 1775
409A Huat  201505181 1491 1273 1150 1154 1279 1484 1714 1905 2004 1983 1845 1633
409A Huat  201505182 1405 1220 1130 1153 1309 1569 1877 2165 2361 2425 2334 2114
409A Huat  201505191 1817 1515 1274 1145 1161 1310 1537 1791 1999 2099 2064 1907
409A Huat  201505192 1666 1413 1221 1140 1191 1368 1636 1943 2230 2412 2468 2366
409A Huat  201505201 2128 1811 1494 1258 1158 1204 1361 1588 1848 2050 2132 2064
409A Huat  201505202 1880 1649 1419 1240 1167 1225 1406 1688 2005 2275 2425 2433
409A Huat  201505211 2293 2035 1720 1419 1209 1126 1190 1372 1619 1858 2033 2090
409A Huat  201505212 2029 1870 1641 1406 1231 1178 1263 1462 1730 2016 2254 2394
409A Huat  201505221 2388 2224 1947 1630 1345 1164 1120 1220 1427 1693 1940 2101
409A Huat  201505222 2141 2048 1862 1623 1396 1250 1226 1324 1523 1799 2070 2278
409A Huat  201505231 2365 2315 2129 1862 1572 1337 1208 1200 1315 1522 1774 1990
409A Huat  201505232 2119 2132 2028 1828 1591 1392 1276 1272 1382 1582 1838 2089
409A Huat  201505241 2259 2308 2220 2022 1753 1481 1274 1177 1199 1339 1545 1777
409A Huat  201505242 1973 2082 2082 1980 1793 1575 1396 1307 1324 1437 1632 1860
409A Huat  201505251 2049 2168 2180 2070 1872 1628 1402 1251 1208 1268 1421 1617
409A Huat  201505252 1825 1985 2070 2045 1927 1750 1557 1398 1331 1363 1486 1663
409A Huat  201505261 1850 2004 2075 2053 1938 1749 1543 1357 1246 1225 1297 1441
409A Huat  201505262 1631 1828 1957 2005 1958 1840 1675 1509 1382 1332 1369 1484
409A Huat  201505271 1637 1782 1904 1955 1917 1805 1641 1467 1318 1240 1240 1349
409A Huat  201505272 1518 1707 1866 1967 1983 1930 1823 1666 1508 1391 1347 1400
409A Huat  201505281 1524 1686 1827 1916 1923 1866 1743 1594 1446 1322 1272 1308
409A Huat  201505282 1428 1591 1777 1930 2019 2039 1978 1849 1687 1542 1438 1410
409A Huat  201505291 1458 1566 1702 1827 1909 1925 1849 1732 1590 1454 1350 1318
409A Huat  201505292 1375 1513 1687 1861 1999 2058 2045 1957 1821 1662 1512 1417
409A Huat  201505301 1381 1437 1547 1675 1786 1845 1844 1782 1672 1534 1406 1318
409A Huat  201505302 1310 1384 1518 1693 1868 2009 2072 2047 1940 1778 1611 1490
409A Huat  201505311 1416 1405 1455 1550 1665 1759 1818 1822 1752 1619 1477 1360
409A Huat  201505312 1307 1331 1424 1577 1767 1943 2073 2115 2070 1950 1770 1585
409A Huat  201506011 1448 1376 1358 1412 1534 1684 1803 1862 1847 1751 1607 1455
409A Huat  201506012 1342 1297 1333 1441 1608 1811 1998 2126 2169 2112 1964 1760
409A Huat  201506021 1560 1411 1333 1338 1412 1536 1686 1803 1834 1792 1687 1546
409A Huat  201506022 1397 1279 1243 1298 1441 1656 1890 2075 2171 2161 2061 1899
409A Huat  201506031 1699 1498 1339 1270 1292 1391 1541 1699 1814 1846 1798 1680
409A Huat  201506032 1529 1368 1251 1225 1315 1484 1703 1940 2130 2228 2199 2065
409A Huat  201506041 1851 1623 1411 1273 1235 1295 1431 1615 1786 1899 1907 1817
409A Huat  201506042 1668 1481 1303 1200 1218 1340 1549 1806 2059 2235 2295 2231
409A Huat  201506051 2051 1789 1512 1297 1168 1160 1274 1463 1681 1861 1955 1942
409A Huat  201506052 1821 1630 1417 1232 1139 1172 1331 1568 1837 2068 2216 2246
409A Huat  201506061 2150 1946 1677 1411 1206 1114 1152 1290 1505 1735 1911 1985
409A Huat  201506062 1957 1826 1615 1382 1208 1147 1219 1402 1667 1940 2168 2287
409A Huat  201506071 2270 2122 1875 1584 1317 1138 1092 1177 1354 1604 1849 2016
409A Huat  201506072 2074 2018 1869 1648 1421 1243 1178 1250 1438 1700 1973 2196
409A Huat  201506081 2306 2271 2108 1843 1546 1289 1127 1107 1218 1439 1706 1952
409A Huat  201506082 2111 2165 2090 1918 1665 1420 1264 1219 1303 1489 1742 2002
409A Huat  201506091 2189 2266 2218 2037 1768 1487 1256 1131 1134 1265 1503 1795
409A Huat  201506092 2056 2199 2206 2109 1916 1670 1450 1308 1267 1351 1535 1773
409A Huat  201506101 2008 2166 2207 2126 1934 1687 1429 1234 1159 1212 1367 1602
409A Huat  201506102 1877 2097 2224 2233 2142 1963 1743 1528 1392 1347 1406 1565
409A Huat  201506111 1782 1990 2122 2139 2051 1873 1647 1424 1262 1201 1254 1418
409A Huat  201506112 1656 1928 2156 2291 2310 2209 2015 1782 1559 1400 1353 1416
409A Huat  201506121 1564 1758 1945 2076 2104 2030 1857 1632 1420 1264 1211 1274
409A Huat  201506122 1439 1686 1955 2197 2349 2368 2264 2062 1817 1582 1415 1350
409A Huat  201506131 1399 1539 1742 1934 2067 2100 2027 1874 1666 1459 1302 1238
409A Huat  201506132 1292 1464 1700 1975 2223 2370 2388 2267 2060 1811 1565 1380
409A Huat  201506141 1301 1336 1471 1655 1837 1971 2025 1978 1826 1612 1396 1243
409A Huat  201506142 1191 1261 1439 1691 1961 2188 2328 2349 2245 2041 1783 1527
409A Huat  201506151 1337 1257 1291 1426 1615 1817 1962 2011 1949 1790 1582 1377
409A Huat  201506152 1226 1174 1231 1405 1657 1931 2174 2316 2339 2228 2014 1754
409A Huat  201506161 1499 1303 1223 1271 1417 1611 1805 1947 1997 1930 1770 1564
409A Huat  201506162 1357 1224 1194 1284 1484 1746 2023 2245 2367 2364 2242 2018
409A Huat  201506171 1735 1471 1284 1215 1274 1444 1669 1875 2026 2080 2014 1852
409A Huat  201506172 1633 1428 1293 1268 1359 1551 1813 2092 2323 2436 2410 2238
409A Huat  201506181 1966 1671 1422 1257 1213 1302 1487 1712 1929 2068 2099 2006
409A Huat  201506182 1812 1589 1382 1255 1247 1362 1580 1860 2126 2327 2415 2361
409A Huat  201506191 2184 1908 1615 1369 1219 1209 1325 1534 1778 1990 2113 2114
409A Huat  201506192 2001 1804 1568 1358 1245 1252 1377 1594 1857 2107 2287 2349
409A Huat  201506201 2258 2040 1751 1472 1255 1147 1185 1326 1549 1787 1988 2084
409A Huat  201506202 2058 1929 1722 1509 1318 1226 1255 1402 1632 1888 2112 2248
409A Huat  201506211 2255 2136 1918 1657 1399 1220 1157 1217 1372 1591 1810 1986
409A Huat  201506212 2073 2052 1930 1731 1508 1336 1271 1316 1454 1666 1906 2102
409A Huat  201506221 2201 2186 9999 9999 1586 9999 1244 1221 1301 1476 1690 1889
409A Huat  201506222 2031 2096 2063 1924 1728 1528 1381 1334 1401 1553 1763 1958
409A Huat  201506231 2097 2150 2114 1977 1764 1529 9999 1275 9999 9999 1595 1802
409A Huat  201506232 1984 2103 2124 2055 1906 1721 1554 1438 1417 1484 1623 1798
409A Huat  201506241 1956 2061 2095 2041 1899 1700 1491 1342 1277 1309 1433 1625
409A Huat  201506242 1836 2015 2121 2125 2030 1871 1693 1536 1428 1413 1502 1664
409A Huat  201506251 1848 2003 2096 2085 1980 1823 1644 1476 1354 1326 1405 1568
409A Huat  201506252 1783 1990 2142 2194 2148 2028 1863 1687 1543 1462 1468 1561
409A Huat  201506261 1710 1878 1997 2040 2007 1901 1756 1599 1459 1379 1386 1476
409A Huat  201506262 1637 1840 2019 2140 2176 2123 2002 1840 1673 1534 1458 1473
409A Huat  201506271 1561 1692 1836 1937 1964 1911 1802 1648 1493 1381 1337 1381
409A Huat  201506272 1500 1682 1891 2067 2169 2171 2093 1960 1788 1620 1510 1483
409A Huat  201506281 1523 1610 1724 1825 1890 1896 1842 9999 1591 1452 1361 1333
409A Huat  201506282 1394 1548 1747 1938 2091 2188 2191 2106 1954 1776 1610 1501
409A Huat  201506291 1462 1498 1590 1713 1824 1889 1909 1858 1753 1607 1467 1372
409A Huat  201506292 1355 1453 1624 1828 2026 2180 2263 2252 2147 1969 1781 1605
409A Huat  201506301 1497 1467 1513 1613 1744 1860 1924 1926 1873 1760 1610 1470
409A Huat  201506302 1393 1402 1502 1671 1879 2086 2241 2302 2269 2142 1958 1745
409A Huat  201507011 1548 1422 1383 1430 1542 1696 9999 1938 1943 1864 1724 1546
409A Huat  201507012 1387 1302 1332 1454 1636 1858 2072 2227 2283 2225 2068 1853
409A Huat  201507021 1622 1435 1328 1320 1406 1555 9999 1881 1946 1923 1824 1669
409A Huat  201507022 1483 1325 1249 1292 1425 1653 1918 2155 2303 2323 2240 2070
409A Huat  201507031 1832 1581 1386 1276 1293 1423 1614 1814 1959 2031 2010 1890
409A Huat  201507032 1694 1490 1337 1271 1333 1505 1749 2008 2227 2372 2404 2297
409A Huat  201507041 2079 1795 1528 1333 1260 1311 1479 1693 1905 2058 2126 2087
409A Huat  201507042 1929 1709 1496 1342 1283 1350 1533 1804 2082 2305 2433 2419
409A Huat  201507051 2267 2013 1711 1438 1260 1215 1300 1488 1724 1957 2124 2177
409A Huat  201507052 2105 1941 1711 1484 1314 1260 1338 1530 1798 2080 2290 2387
409A Huat  201507061 2350 2165 1879 1563 1300 1158 1158 1286 1505 1778 2033 2201
409A Huat  201507062 2246 2160 1967 1712 1459 1296 1250 1329 1531 1807 2075 2281
409A Huat  201507071 2355 2280 2081 1796 1503 1261 1139 1163 1322 1578 1880 2145
409A Huat  201507072 2313 2340 2233 2013 1747 1496 1327 1285 1374 1587 1879 2153
409A Huat  201507081 2337 2394 2301 2066 1762 1472 1266 1179 1234 1419 1705 2010
409A Huat  201507082 2264 2412 2419 2291 2059 1774 1513 1340 1296 1387 1607 1894
409A Huat  201507091 2146 2290 2310 2185 1961 1695 1447 1262 1190 1253 1455 1746
409A Huat  201507092 2053 2312 2446 2438 2300 2055 1783 1531 1373 1344 1449 1653
409A Huat  201507101 1899 2123 2257 2257 2130 1924 1665 1439 1298 1276 1367 1568
409A Huat  201507102 1850 2125 2331 2437 2415 2278 2044 1784 1563 1420 1380 1464
409A Huat  201507111 1648 1865 2050 2160 2160 2044 1852 1619 1405 1279 1251 1336
409A Huat  201507112 1543 1819 2107 2338 2446 2400 2239 2006 1753 1527 1389 1375
409A Huat  201507121 1473 1648 1856 2020 2100 2081 1972 1790 1562 1352 1226 1211
409A Huat  201507122 1326 1544 1801 2049 2235 2326 2309 2170 1949 1704 1490 1351
409A Huat  201507131 1311 1379 1523 1698 1852 1942 1933 1835 1677 1491 1329 1215
409A Huat  201507132 1202 1309 1513 1773 2021 2206 2295 2265 2134 1924 1676 1458
409A Huat  201507141 1312 1269 1329 1467 1648 1817 1923 1921 1825 1657 1467 1295
409A Huat  201507142 1186 1172 1274 1468 1720 1974 2170 2252 2209 2066 1850 1616
409A Huat  201507151 1410 1271 1233 1301 1446 1633 1805 1901 1899 1796 1633 1449
409A Huat  201507152 1274 1174 1185 1298 1494 1741 1991 2177 2265 2224 2065 1823
409A Huat  201507161 1559 1344 1216 1209 1303 1466 1651 1812 1908 1907 1790 1596
409A Huat  201507162 1404 1244 1149 1170 1295 1495 1734 1968 2133 2186 2117 1948
409A Huat  201507171 1705 1461 1261 1159 1162 1279 1469 1669 1835 1935 1916 1800
409A Huat  201507172 1622 1426 1260 1160 1170 1296 1509 1756 1990 2146 2179 2087
409A Huat  201507181 1887 1622 1360 1169 1081 1124 1275 1484 1705 1885 1970 1939
409A Huat  201507182 1820 1640 1439 1260 1164 1196 1331 1533 1769 1996 2129 2144
409A Huat  201507191 2042 1831 1571 1318 1146 1100 1166 1328 1546 1767 1926 1980
409A Huat  201507192 1927 1780 1571 1360 1213 1166 1233 1394 1604 1849 2044 2154
409A Huat  201507201 2128 1979 1736 1459 1231 1112 1111 1212 1393 1619 1835 1972
409A Huat  201507202 1992 1913 1746 1538 1357 1243 1229 1308 1467 1677 1893 2045
409A Huat  201507211 2091 2009 1835 1602 1359 1173 1095 1137 1268 1469 1690 1880
409A Huat  201507212 2004 2013 1912 1727 1515 1343 1251 1253 1350 1517 1726 1916
409A Huat  201507221 2032 2031 1925 1734 1503 1299 1163 1127 1206 1375 1601 1831
409A Huat  201507222 1997 2062 2015 1880 1679 1472 1311 1247 1280 1401 1573 1770
409A Huat  201507231 1935 2007 1975 1844 1646 1429 1249 1155 1170 1278 1453 1669
409A Huat  201507232 1866 1992 2025 1960 1823 1645 1454 1315 1263 1315 1448 1630
409A Huat  201507241 1798 1913 1939 1876 1737 1551 1376 1246 1197 1236 1358 1546
409A Huat  201507242 1767 1955 2062 2048 1927 1769 1599 1447 1348 1322 1382 1518
409A Huat  201507251 1685 1829 1906 1884 1790 1639 1470 1327 1213 1181 1263 1431
409A Huat  201507252 1636 1843 2007 2078 2041 1923 1760 1581 1416 1321 1319 1402
409A Huat  201507261 1523 1667 1781 1837 1819 1725 1581 1408 1260 1178 1192 1295
409A Huat  201507262 1468 1687 1899 2043 2086 2015 1887 1707 1530 1394 1322 1335
409A Huat  201507271 1417 1544 1679 1782 1810 1772 1668 1516 1357 1222 1152 1191
409A Huat  201507272 1327 1524 1760 1946 2060 2071 2011 1878 1703 1525 1383 1314
409A Huat  201507281 1333 1427 1565 1702 1780 1795 1741 1631 1488 1342 1218 1177
409A Huat  201507282 1230 1370 1564 1777 1972 2086 2108 2025 1868 1681 1503 1366
409A Huat  201507291 1295 1318 1417 1547 1687 1792 1823 1768 1633 1460 1295 1181
409A Huat  201507292 1159 1237 1391 1599 1826 2013 2113 2108 2006 1837 1643 1453
409A Huat  201507301 1314 1252 1283 1391 1540 1688 1787 1815 1749 1605 1430 1266
409A Huat  201507302 1137 1104 1198 1372 1584 1823 2026 2132 2121 2004 1822 1610
409A Huat  201507311 1390 1245 1188 1233 1368 1546 1714 1811 1833 1761 1613 1413
409A Huat  201507312 1227 1099 1083 1181 1371 1612 1872 2079 2182 2161 2015 1798
409A Huat  201508011 1561 1341 1191 1152 1223 1390 1595 1794 1929 1959 1878 1704
409A Huat  201508012 1484 1275 1140 1110 1203 1409 1693 1966 2163 2253 2208 2034
409A Huat  201508021 1778 1493 1238 1096 1092 1219 1422 1671 1902 2050 2074 1970
409A Huat  201508022 1760 1504 1279 1133 1097 1204 1427 1720 1999 2204 2273 2200
409A Huat  201508031 1990 1702 1405 1161 1031 1041 1192 1444 1729 1977 2124 2140
409A Huat  201508032 2022 1800 1526 1270 1109 1090 1217 1449 1739 2010 2207 2267
409A Huat  201508041 2164 1930 1623 1318 1068  964 1016 1194 1481 1807 2074 2217
409A Huat  201508042 2211 2064 1805 1508 1246 1084 1070 1191 1420 1710 1980 2161
409A Huat  201508051 2191 2076 1841 1532 1227 1017  948 1027 1249 1557 1870 2124
409A Huat  201508052 2257 2245 2088 1817 1510 1242 1090 1085 1218 1462 1751 2009
409A Huat  201508061 2152 2149 2005 1756 1453 1169  977  940 1062 1313 1624 1935
409A Huat  201508062 2166 2279 2244 2067 1806 1514 1264 1123 1109 1239 1454 1723
409A Huat  201508071 1960 2092 2072 1916 1670 1398 1165 1012  984 1107 1354 1657
409A Huat  201508072 1951 2174 2264 2212 2033 1786 1501 1261 1129 1132 1258 1467
409A Huat  201508081 1703 1906 2015 1994 1847 1615 1362 1145 1025 1026 1157 1377
409A Huat  201508082 1654 1931 2138 2212 2157 1991 1755 1499 1287 1174 1178 1294
409A Huat  201508091 1490 1707 1898 1992 1967 1827 1612 1376 1179 1074 1087 1212
409A Huat  201508092 1420 1692 1959 2134 2205 2152 1989 1760 1523 1342 1250 1255
409A Huat  201508101 1357 1526 1716 1877 1970 1961 1847 1646 1428 1247 1155 1162
409A Huat  201508102 1293 1518 1780 2014 2169 2212 2157 2006 1796 1576 1391 1286
409A Huat  201508111 1289 1380 1540 1741 1902 1997 1979 1857 1666 1457 1296 1215
409A Huat  201508112 1251 1369 1565 1797 2005 2160 2215 2155 2000 1800 1587 1412
409A Huat  201508121 1311 1304 1385 1545 1717 1860 1940 1930 1834 1670 1485 1335
409A Huat  201508122 1249 1263 1390 1590 1806 2004 2146 2203 2159 2010 1803 1598
409A Huat  201508131 1425 1322 1315 1419 1575 1751 1896 1979 1968 1864 1701 1543
409A Huat  201508132 1399 1307 1318 1429 1601 1802 1989 2138 2184 2120 1953 1749
409A Huat  201508141 1530 1368 1289 1304 1409 1582 1773 1918 1989 1966 1852 1682
409A Huat  201508142 1492 1343 1280 1316 1447 1643 1862 2045 2155 2158 2055 1881
409A Huat  201508151 1672 1461 1304 1242 1293 1430 1618 1809 1953 2012 1977 1869
409A Huat  201508152 1704 1518 1374 1311 1356 1487 1674 1883 2062 2155 2147 2044
409A Huat  201508161 1865 1640 1424 1293 1256 1317 1450 1650 1861 2007 2052 1986
409A Huat  201508162 1832 1635 1462 1336 1302 1355 1494 1697 1919 2098 2165 2121
409A Huat  201508171 1980 1775 1542 1353 1256 1267 1371 1555 1786 1986 2107 2110
409A Huat  201508172 2014 1844 1645 1453 1341 1322 1405 1561 1771 1972 2119 2169
409A Huat  201508181 2098 1930 1713 1499 1343 1284 1334 1473 1669 1873 2051 2134
409A Huat  201508182 2107 1998 1826 1616 1436 1349 1368 1469 1645 1863 2046 2138
409A Huat  201508191 2126 2017 1817 1598 1416 1306 1281 1360 1536 1756 1964 2098
409A Huat  201508192 2132 2069 1925 1731 1529 1389 1348 1402 1525 1691 1870 2011
409A Huat  201508201 2079 2040 1903 1716 1518 1371 1312 1355 1481 1664 1862 2027
409A Huat  201508202 2129 2140 2054 1887 1688 1513 1413 1389 1451 1597 1785 1956
409A Huat  201508211 2063 2072 1984 1827 1647 1482 1362 1328 1408 1577 1787 1986
409A Huat  201508212 2130 2194 2167 2038 1847 1642 1481 1411 1434 1540 1704 1866
409A Huat  201508221 1992 2055 2027 1914 1753 1576 1435 1366 1392 1500 1674 1885
409A Huat  201508222 2059 2170 2193 2118 1960 1766 1582 1461 1425 1469 1591 1752
409A Huat  201508231 1898 1989 1991 1922 1798 1631 1467 1343 1303 1355 1499 1704
409A Huat  201508232 1918 2081 2170 2153 2045 1881 1701 1542 1437 1428 1490 1608
409A Huat  201508241 1753 1885 1959 1955 1877 1737 1562 1417 1332 1326 1409 1565
409A Huat  201508242 1766 1968 2120 2191 2170 2059 1891 1699 1542 1457 1446 1517
409A Huat  201508251 1636 1781 1899 1971 1956 1856 1698 1540 1411 1339 1354 1470
409A Huat  201508252 1656 1864 2058 2194 2240 2195 2068 1891 1701 1553 1484 1491
409A Huat  201508261 1571 1702 1843 1961 2014 1987 1885 1733 1568 1435 1358 1387
409A Huat  201508262 1504 1686 1895 2083 2206 2238 2178 2047 1870 1687 1525 1437
409A Huat  201508271 1450 1538 1681 1837 1968 2022 1991 1886 1729 1558 1413 1343
409A Huat  201508272 1371 1496 1678 1888 2096 2242 2281 2219 2086 1903 1715 1552
409A Huat  201508281 1462 1461 1550 1704 1884 2039 2120 2097 1978 1809 1635 1476
409A Huat  201508282 1386 1407 1534 1733 1960 2178 2333 2384 2320 2152 1929 1708
409A Huat  201508291 1538 1452 1468 1590 1778 1969 2121 2202 2177 2043 1848 1645
409A Huat  201508292 1468 1372 1390 1515 1715 1946 2163 2311 2356 2274 2095 1855
409A Huat  201508301 1597 1402 1308 1341 1486 1702 1943 2138 2239 2223 2097 1885
409A Huat  201508302 1645 1433 1306 1298 1414 1643 1927 2175 2327 2354 2258 2051
409A Huat  201508311 1765 1482 1285 1205 1266 1454 1732 2023 2249 2365 2335 2162
409A Huat  201508312 1898 1617 1373 1213 1204 1341 1585 1882 2148 2322 2361 2254
409A Huat  201509011 2009 1700 1400 1183 1108 1197 1424 1743 2061 2305 2418 2381
409A Huat  201509012 2197 1910 1590 1314 1151 1137 1276 1541 1858 2134 2321 2357
409A Huat  201509021 2235 1977 1661 1339 1125 1065 1174 1417 1747 2103 2370 2485
409A Huat  201509022 2426 2212 1909 1579 1302 1154 1168 1315 1573 1889 2171 2331
409A Huat  201509031 2321 2162 1877 1544 1253 1079 1067 1217 1501 1843 2172 2415
409A Huat  201509032 2498 2418 2194 1888 1559 1289 1148 1167 1335 9999 9999 9999
409A Huat  201509041 9999 9999 9999 9999 9999 9999 9999 9999 9999 9999 9999 9999
409A Huat  201509042 9999 9999 9999 9999 9999 9999 9999 9999 9999 9999 9999 9999
409A Huat  201509051 9999 9999 9999 9999 9999 9999 9999 9999 9999 9999 9999 9999
409A Huat  201509052 9999 9999 9999 9999 9999 9999 9999 9999 9999 9999 9999 9999
409A Huat  201509061 9999 9999 9999 9999 9999 9999 9999 9999 9999 9999 9999 9999
409A Huat  201509062 9999 9999 9999 9999 9999 9999 9999 9999 9999 9999 9999 9999
409A Huat  201509071 9999 9999 9999 9999 9999 9999 9999 9999 9999 9999 9999 9999
409A Huat  201509072 9999 9999 9999 9999 9999 9999 9999 9999 9999 9999 9999 9999
409A Huat  201509081 9999 9999 9999 9999 9999 9999 9999 9999 9999 9999 9999 9999
409A Huat  201509082 9999 9999 9999 9999 9999 9999 9999 9999 9999 9999 9999 9999
409A Huat  201509091 9999 9999 9999 9999 9999 9999 9999 9999 9999 9999 9999 9999
409A Huat  201509092 9999 9999 9999 9999 9999 9999 9999 9999 9999 9999 9999 9999
409A Huat  201509101 9999 9999 9999 9999 9999 9999 9999 9999 9999 9999 9999 9999
409A Huat  201509102 9999 9999 9999 9999 9999 9999 9999 9999 9999 9999 9999 9999
409A Huat  201509111 9999 9999 9999 9999 9999 9999 9999 9999 9999 9999 9999 9999
409A Huat  201509112 9999 9999 9999 9999 9999 9999 9999 9999 9999 9999 9999 9999
409A Huat  201509121 9999 9999 9999 9999 9999 9999 9999 9999 9999 9999 9999 9999
409A Huat  201509122 9999 9999 9999 9999 9999 9999 9999 9999 9999 9999 9999 9999
409A Huat  201509131 9999 9999 9999 9999 9999 9999 9999 9999 9999 9999 9999 9999
409A Huat  201509132 9999 9999 9999 9999 9999 9999 9999 9999 9999 9999 9999 9999
409A Huat  201509141 9999 9999 9999 9999 9999 9999 9999 9999 9999 9999 9999 9999
409A Huat  201509142 9999 9999 9999 9999 9999 9999 9999 9999 9999 9999 9999 9999
409A Huat  201509151 9999 9999 9999 9999 9999 9999 9999 9999 9999 9999 9999 9999
409A Huat  201509152 9999 9999 9999 9999 9999 9999 9999 9999 9999 9999 9999 9999
409A Huat  201509161 9999 9999 9999 9999 9999 9999 9999 9999 9999 9999 9999 9999
409A Huat  201509162 9999 9999 9999 9999 9999 9999 9999 9999 9999 9999 9999 9999
409A Huat  201509171 9999 9999 9999 9999 9999 9999 9999 9999 9999 9999 9999 9999
409A Huat  201509172 9999 9999 9999 9999 9999 9999 9999 9999 9999 9999 9999 9999
409A Huat  201509181 9999 9999 9999 9999 9999 9999 9999 9999 9999 9999 9999 9999
409A Huat  201509182 9999 9999 9999 9999 9999 9999 9999 9999 9999 9999 9999 9999
409A Huat  201509191 9999 9999 9999 9999 9999 9999 9999 9999 9999 9999 9999 9999
409A Huat  201509192 9999 9999 9999 9999 9999 9999 9999 9999 9999 9999 9999 9999
409A Huat  201509201 9999 9999 9999 9999 9999 9999 9999 9999 9999 9999 9999 9999
409A Huat  201509202 9999 9999 9999 9999 9999 9999 9999 9999 9999 9999 9999 9999
409A Huat  201509211 9999 9999 9999 9999 9999 9999 9999 9999 9999 9999 9999 9999
409A Huat  201509212 9999 9999 9999 9999 9999 9999 9999 9999 9999 9999 9999 9999
409A Huat  201509221 9999 9999 9999 9999 9999 9999 9999 9999 9999 9999 9999 9999
409A Huat  201509222 9999 9999 9999 9999 9999 9999 9999 9999 9999 9999 9999 9999
409A Huat  201509231 9999 9999 9999 9999 9999 9999 9999 9999 9999 9999 9999 9999
409A Huat  201509232 9999 9999 9999 9999 9999 9999 9999 9999 9999 9999 9999 9999
409A Huat  201509241 9999 9999 9999 9999 9999 9999 9999 9999 9999 9999 9999 9999
409A Huat  201509242 9999 9999 9999 9999 9999 9999 9999 9999 9999 9999 9999 9999
409A Huat  201509251 9999 9999 9999 9999 9999 9999 9999 9999 9999 9999 9999 9999
409A Huat  201509252 9999 9999 9999 9999 9999 9999 9999 9999 9999 9999 9999 9999
409A Huat  201509261 9999 9999 9999 9999 9999 9999 9999 9999 9999 9999 9999 9999
409A Huat  201509262 9999 9999 9999 9999 9999 9999 9999 9999 9999 9999 9999 9999
409A Huat  201509271 9999 9999 9999 9999 9999 9999 9999 9999 9999 9999 9999 9999
409A Huat  201509272 9999 9999 9999 9999 9999 9999 9999 9999 9999 9999 9999 9999
409A Huat  201509281 9999 9999 9999 9999 9999 9999 9999 9999 9999 9999 9999 9999
409A Huat  201509282 9999 9999 9999 9999 9999 9999 9999 9999 9999 9999 9999 9999
409A Huat  201509291 9999 9999 9999 9999 9999 9999 9999 9999 9999 9999 9999 9999
409A Huat  201509292 9999 9999 9999 9999 9999 9999 9999 9999 9999 9999 9999 9999
409A Huat  201509301 9999 9999 9999 9999 9999 9999 9999 9999 9999 9999 9999 9999
409A Huat  201509302 9999 9999 9999 9999 9999 9999 9999 9999 9999 9999 9999 9999
409A Huat  201510011 9999 9999 9999 9999 9999 9999 9999 9999 9999 9999 9999 9999
409A Huat  201510012 9999 9999 9999 9999 9999 9999 9999 9999 9999 9999 9999 9999
409A Huat  201510021 9999 9999 9999 9999 9999 9999 9999 9999 9999 9999 9999 9999
409A Huat  201510022 9999 9999 9999 9999 9999 9999 9999 9999 9999 9999 9999 9999
409A Huat  201510031 9999 9999 9999 9999 9999 9999 9999 9999 9999 9999 9999 9999
409A Huat  201510032 9999 9999 9999 9999 9999 9999 9999 9999 9999 9999 9999 9999
409A Huat  201510041 9999 9999 9999 9999 9999 9999 9999 9999 9999 9999 9999 9999
409A Huat  201510042 9999 9999 9999 9999 9999 9999 9999 9999 9999 9999 9999 9999
409A Huat  201510051 9999 9999 9999 9999 9999 9999 9999 9999 9999 9999 9999 9999
409A Huat  201510052 9999 9999 9999 9999 9999 9999 9999 9999 9999 9999 9999 9999
409A Huat  201510061 9999 9999 9999 9999 9999 9999 9999 9999 9999 9999 9999 9999
409A Huat  201510062 9999 9999 9999 9999 9999 9999 9999 9999 9999 9999 9999 9999
409A Huat  201510071 9999 9999 9999 9999 9999 9999 9999 9999 9999 9999 9999 9999
409A Huat  201510072 9999 9999 9999 9999 9999 9999 9999 9999 9999 9999 9999 9999
409A Huat  201510081 9999 9999 9999 9999 9999 9999 9999 9999 9999 9999 9999 9999
409A Huat  201510082 9999 9999 9999 9999 9999 9999 9999 9999 9999 9999 9999 9999
409A Huat  201510091 9999 9999 9999 9999 9999 9999 9999 9999 9999 9999 9999 9999
409A Huat  201510092 9999 9999 9999 9999 9999 9999 9999 9999 9999 9999 9999 9999
409A Huat  201510101 9999 9999 9999 9999 9999 9999 9999 9999 9999 9999 9999 9999
409A Huat  201510102 9999 9999 9999 9999 9999 9999 9999 9999 9999 9999 9999 9999
409A Huat  201510111 9999 9999 9999 9999 9999 9999 9999 9999 9999 9999 9999 9999
409A Huat  201510112 9999 9999 9999 9999 9999 9999 9999 9999 9999 9999 9999 9999
409A Huat  201510121 9999 9999 9999 9999 9999 9999 9999 9999 9999 9999 9999 9999
409A Huat  201510122 9999 9999 9999 9999 9999 9999 9999 9999 9999 9999 9999 9999
409A Huat  201510131 9999 9999 9999 9999 9999 9999 9999 9999 9999 9999 9999 9999
409A Huat  201510132 9999 9999 9999 9999 9999 9999 9999 9999 9999 9999 9999 9999
409A Huat  201510141 9999 9999 9999 9999 9999 9999 9999 9999 9999 9999 9999 9999
409A Huat  201510142 9999 9999 9999 9999 9999 9999 9999 9999 9999 9999 9999 9999
409A Huat  201510151 9999 9999 9999 9999 9999 9999 9999 9999 9999 9999 9999 9999
409A Huat  201510152 9999 9999 9999 9999 9999 9999 9999 9999 9999 9999 9999 9999
409A Huat  201510161 9999 9999 9999 9999 9999 9999 9999 9999 9999 9999 9999 9999
409A Huat  201510162 9999 9999 9999 9999 9999 9999 9999 9999 9999 9999 9999 9999
409A Huat  201510171 9999 9999 9999 9999 9999 9999 9999 9999 9999 9999 9999 9999
409A Huat  201510172 9999 9999 9999 9999 9999 9999 9999 9999 9999 9999 9999 9999
409A Huat  201510181 9999 9999 9999 9999 9999 9999 9999 9999 9999 9999 9999 9999
409A Huat  201510182 9999 9999 9999 9999 9999 9999 9999 9999 9999 9999 9999 9999
409A Huat  201510191 9999 9999 9999 9999 9999 9999 9999 9999 9999 9999 9999 9999
409A Huat  201510192 9999 9999 9999 9999 9999 9999 9999 9999 9999 9999 9999 9999
409A Huat  201510201 9999 9999 9999 9999 9999 9999 9999 9999 9999 9999 9999 9999
409A Huat  201510202 9999 9999 9999 9999 9999 9999 9999 9999 9999 9999 9999 9999
409A Huat  201510211 9999 9999 9999 9999 9999 9999 9999 9999 9999 9999 9999 9999
409A Huat  201510212 9999 9999 9999 9999 9999 9999 9999 9999 9999 9999 9999 9999
409A Huat  201510221 9999 9999 9999 9999 9999 9999 9999 9999 9999 9999 9999 9999
409A Huat  201510222 9999 9999 9999 9999 9999 9999 9999 9999 9999 9999 9999 9999
409A Huat  201510231 9999 9999 9999 9999 9999 9999 9999 9999 9999 9999 9999 9999
409A Huat  201510232 9999 9999 9999 9999 9999 9999 9999 9999 9999 9999 9999 9999
409A Huat  201510241 9999 9999 9999 9999 9999 9999 9999 9999 9999 9999 9999 9999
409A Huat  201510242 9999 9999 9999 9999 9999 9999 9999 9999 9999 9999 9999 9999
409A Huat  201510251 9999 9999 9999 9999 9999 9999 9999 9999 9999 9999 9999 9999
409A Huat  201510252 9999 9999 9999 9999 9999 9999 9999 9999 9999 9999 9999 9999
409A Huat  201510261 9999 9999 9999 9999 9999 9999 9999 9999 9999 9999 9999 9999
409A Huat  201510262 9999 9999 9999 9999 9999 9999 9999 9999 9999 9999 9999 9999
409A Huat  201510271 9999 9999 9999 9999 9999 9999 9999 9999 9999 9999 9999 9999
409A Huat  201510272 9999 9999 9999 9999 9999 9999 9999 9999 9999 9999 9999 9999
409A Huat  201510281 9999 9999 9999 9999 9999 9999 9999 9999 9999 9999 9999 9999
409A Huat  201510282 9999 9999 9999 9999 9999 9999 9999 9999 9999 9999 9999 9999
409A Huat  201510291 9999 9999 9999 9999 9999 9999 9999 9999 9999 9999 9999 9999
409A Huat  201510292 9999 9999 9999 9999 9999 9999 9999 9999 9999 9999 9999 9999
409A Huat  201510301 9999 9999 9999 9999 9999 9999 9999 9999 9999 9999 9999 9999
409A Huat  201510302 9999 9999 9999 9999 9999 9999 9999 9999 9999 9999 9999 9999
409A Huat  201510311 9999 9999 9999 9999 9999 9999 9999 9999 9999 9999 9999 9999
409A Huat  201510312 9999 9999 9999 9999 9999 9999 9999 9999 9999 9999 9999 9999
409A Huat  201511011 9999 9999 9999 9999 9999 9999 9999 9999 9999 9999 9999 9999
409A Huat  201511012 9999 9999 9999 9999 9999 9999 9999 9999 9999 9999 9999 9999
409A Huat  201511021 9999 9999 9999 9999 9999 9999 9999 9999 9999 9999 9999 9999
409A Huat  201511022 9999 9999 9999 9999 9999 9999 9999 9999 9999 9999 9999 9999
409A Huat  201511031 9999 9999 9999 9999 9999 9999 9999 9999 9999 9999 9999 9999
409A Huat  201511032 9999 9999 9999 9999 9999 9999 9999 9999 9999 9999 9999 9999
409A Huat  201511041 9999 9999 9999 9999 9999 9999 9999 9999 9999 9999 9999 9999
409A Huat  201511042 9999 9999 9999 9999 9999 9999 9999 9999 9999 9999 9999 9999
409A Huat  201511051 9999 9999 9999 9999 9999 9999 9999 9999 9999 9999 9999 9999
409A Huat  201511052 9999 9999 9999 9999 9999 9999 9999 9999 9999 9999 9999 9999
409A Huat  201511061 9999 9999 9999 9999 9999 9999 9999 9999 9999 9999 9999 9999
409A Huat  201511062 9999 9999 9999 9999 9999 9999 9999 9999 9999 9999 9999 9999
409A Huat  201511071 9999 9999 9999 9999 9999 9999 9999 9999 9999 9999 9999 9999
409A Huat  201511072 9999 9999 9999 9999 9999 9999 9999 9999 9999 9999 9999 9999
409A Huat  201511081 9999 9999 9999 9999 9999 9999 9999 9999 9999 9999 9999 9999
409A Huat  201511082 9999 9999 9999 9999 9999 9999 9999 9999 9999 9999 9999 9999
409A Huat  201511091 9999 9999 9999 9999 9999 9999 9999 9999 9999 9999 9999 9999
409A Huat  201511092 9999 9999 9999 9999 9999 9999 9999 9999 9999 9999 9999 9999
409A Huat  201511101 9999 9999 9999 9999 9999 9999 9999 9999 9999 9999 9999 9999
409A Huat  201511102 9999 9999 9999 9999 9999 9999 9999 9999 9999 9999 9999 9999
409A Huat  201511111 9999 9999 9999 9999 9999 9999 9999 9999 9999 9999 9999 9999
409A Huat  201511112 9999 9999 9999 9999 9999 9999 9999 9999 9999 9999 9999 9999
409A Huat  201511121 9999 9999 9999 9999 9999 9999 9999 9999 9999 9999 9999 9999
409A Huat  201511122 9999 9999 9999 9999 9999 9999 9999 9999 9999 9999 9999 9999
409A Huat  201511131 9999 9999 9999 9999 9999 9999 9999 9999 9999 9999 9999 9999
409A Huat  201511132 9999 9999 9999 9999 9999 9999 9999 9999 9999 9999 9999 9999
409A Huat  201511141 9999 9999 9999 9999 9999 9999 9999 9999 9999 9999 9999 9999
409A Huat  201511142 9999 9999 9999 9999 9999 9999 9999 9999 9999 9999 9999 9999
409A Huat  201511151 9999 9999 9999 9999 9999 9999 9999 9999 9999 9999 9999 9999
409A Huat  201511152 9999 9999 9999 9999 9999 9999 9999 9999 9999 9999 9999 9999
409A Huat  201511161 9999 9999 9999 9999 9999 9999 9999 9999 9999 9999 9999 9999
409A Huat  201511162 9999 9999 9999 9999 9999 9999 9999 9999 9999 9999 9999 9999
409A Huat  201511171 9999 9999 9999 9999 9999 9999 9999 9999 9999 9999 9999 9999
409A Huat  201511172 9999 9999 9999 9999 9999 9999 9999 9999 9999 9999 9999 9999
409A Huat  201511181 9999 9999 9999 9999 9999 9999 9999 9999 9999 9999 9999 9999
409A Huat  201511182 9999 9999 9999 9999 9999 9999 9999 9999 9999 9999 9999 9999
409A Huat  201511191 9999 9999 9999 9999 9999 9999 9999 9999 9999 9999 9999 9999
409A Huat  201511192 9999 9999 9999 9999 9999 9999 9999 9999 9999 9999 9999 9999
409A Huat  201511201 9999 9999 9999 9999 9999 9999 9999 9999 9999 9999 9999 9999
409A Huat  201511202 9999 9999 9999 9999 9999 9999 9999 9999 9999 9999 9999 9999
409A Huat  201511211 9999 9999 9999 9999 9999 9999 9999 9999 9999 9999 9999 9999
409A Huat  201511212 9999 9999 9999 9999 9999 9999 9999 9999 9999 9999 9999 9999
409A Huat  201511221 9999 9999 9999 9999 9999 9999 9999 9999 9999 9999 9999 9999
409A Huat  201511222 9999 9999 9999 9999 9999 9999 9999 9999 9999 9999 9999 9999
409A Huat  201511231 9999 9999 9999 9999 9999 9999 9999 9999 9999 9999 9999 9999
409A Huat  201511232 9999 9999 9999 9999 9999 9999 9999 9999 9999 9999 9999 9999
409A Huat  201511241 9999 9999 9999 9999 9999 9999 9999 9999 9999 9999 9999 9999
409A Huat  201511242 9999 9999 9999 9999 9999 9999 9999 9999 9999 9999 9999 9999
409A Huat  201511251 9999 9999 9999 9999 9999 9999 9999 9999 9999 9999 9999 9999
409A Huat  201511252 9999 9999 9999 9999 9999 9999 9999 9999 9999 9999 9999 9999
409A Huat  201511261 9999 9999 9999 9999 9999 9999 9999 9999 9999 9999 9999 9999
409A Huat  201511262 9999 9999 9999 9999 9999 9999 9999 9999 9999 9999 9999 9999
409A Huat  201511271 9999 9999 9999 9999 9999 9999 9999 9999 9999 9999 9999 9999
409A Huat  201511272 9999 9999 9999 9999 9999 9999 9999 9999 9999 9999 9999 9999
409A Huat  201511281 9999 9999 9999 9999 9999 9999 9999 9999 9999 9999 9999 9999
409A Huat  201511282 9999 9999 9999 9999 9999 9999 9999 9999 9999 9999 9999 9999
409A Huat  201511291 9999 9999 9999 9999 9999 9999 9999 9999 9999 9999 9999 9999
409A Huat  201511292 9999 9999 9999 9999 9999 9999 9999 9999 9999 9999 9999 9999
409A Huat  201511301 9999 9999 9999 9999 9999 9999 9999 9999 9999 9999 9999 9999
409A Huat  201511302 9999 9999 9999 9999 9999 9999 9999 9999 9999 9999 9999 9999
409A Huat  201512011 9999 9999 9999 9999 9999 9999 9999 9999 9999 9999 9999 9999
409A Huat  201512012 9999 9999 9999 9999 9999 9999 9999 9999 9999 9999 9999 9999
409A Huat  201512021 9999 9999 9999 9999 9999 9999 9999 9999 9999 9999 9999 9999
409A Huat  201512022 9999 9999 9999 9999 9999 9999 9999 9999 9999 9999 9999 9999
409A Huat  201512031 9999 9999 9999 9999 9999 9999 9999 9999 9999 9999 9999 9999
409A Huat  201512032 9999 9999 9999 9999 9999 9999 9999 9999 9999 9999 9999 9999
409A Huat  201512041 9999 9999 9999 9999 9999 9999 9999 9999 9999 9999 9999 9999
409A Huat  201512042 9999 9999 9999 9999 9999 9999 9999 9999 9999 9999 9999 9999
409A Huat  201512051 9999 9999 9999 9999 9999 9999 9999 9999 9999 9999 9999 9999
409A Huat  201512052 9999 9999 9999 9999 9999 9999 9999 9999 9999 9999 9999 9999
409A Huat  201512061 9999 9999 9999 9999 9999 9999 9999 9999 9999 9999 9999 9999
409A Huat  201512062 9999 9999 9999 9999 9999 9999 9999 9999 9999 9999 9999 9999
409A Huat  201512071 9999 9999 9999 9999 9999 9999 9999 9999 9999 9999 9999 9999
409A Huat  201512072 9999 9999 9999 9999 9999 9999 9999 9999 9999 9999 9999 9999
409A Huat  201512081 9999 9999 9999 9999 9999 9999 9999 9999 9999 9999 9999 9999
409A Huat  201512082 9999 9999 9999 9999 9999 9999 9999 9999 9999 9999 9999 9999
409A Huat  201512091 9999 9999 9999 9999 9999 9999 9999 9999 9999 9999 9999 9999
409A Huat  201512092 9999 9999 9999 9999 9999 9999 9999 9999 9999 9999 9999 9999
409A Huat  201512101 9999 9999 9999 9999 9999 9999 9999 9999 9999 9999 9999 9999
409A Huat  201512102 9999 9999 9999 9999 9999 9999 9999 9999 9999 9999 9999 9999
409A Huat  201512111 9999 9999 9999 9999 9999 9999 9999 9999 9999 9999 9999 9999
409A Huat  201512112 9999 9999 9999 9999 9999 9999 9999 9999 9999 9999 9999 9999
409A Huat  201512121 9999 9999 9999 9999 9999 9999 9999 9999 9999 9999 9999 9999
409A Huat  201512122 9999 9999 9999 9999 9999 9999 9999 9999 9999 9999 9999 9999
409A Huat  201512131 9999 9999 9999 9999 9999 9999 9999 9999 9999 9999 9999 9999
409A Huat  201512132 9999 9999 9999 9999 9999 9999 9999 9999 9999 9999 9999 9999
409A Huat  201512141 9999 9999 9999 9999 9999 9999 9999 9999 9999 9999 9999 9999
409A Huat  201512142 9999 9999 9999 9999 9999 9999 9999 9999 9999 9999 9999 9999
409A Huat  201512151 9999 9999 9999 9999 9999 9999 9999 9999 9999 9999 9999 9999
409A Huat  201512152 9999 9999 9999 9999 9999 9999 9999 9999 9999 9999 9999 9999
409A Huat  201512161 9999 9999 9999 9999 9999 9999 9999 9999 9999 9999 9999 9999
409A Huat  201512162 9999 9999 9999 9999 9999 9999 9999 9999 9999 9999 9999 9999
409A Huat  201512171 9999 9999 9999 9999 9999 9999 9999 9999 9999 9999 9999 9999
409A Huat  201512172 9999 9999 9999 9999 9999 9999 9999 9999 9999 9999 9999 9999
409A Huat  201512181 9999 9999 9999 9999 9999 9999 9999 9999 9999 9999 9999 9999
409A Huat  201512182 9999 9999 9999 9999 9999 9999 9999 9999 9999 9999 9999 9999
409A Huat  201512191 9999 9999 9999 9999 9999 9999 9999 9999 9999 9999 9999 9999
409A Huat  201512192 9999 9999 9999 9999 9999 9999 9999 9999 9999 9999 9999 9999
409A Huat  201512201 9999 9999 9999 9999 9999 9999 9999 9999 9999 9999 9999 9999
409A Huat  201512202 9999 9999 9999 9999 9999 9999 9999 9999 9999 9999 9999 9999
409A Huat  201512211 9999 9999 9999 9999 9999 9999 9999 9999 9999 9999 9999 9999
409A Huat  201512212 9999 9999 9999 9999 9999 9999 9999 9999 9999 9999 9999 9999
409A Huat  201512221 9999 9999 9999 9999 9999 9999 9999 9999 9999 9999 9999 9999
409A Huat  201512222 9999 9999 9999 9999 9999 9999 9999 9999 9999 9999 9999 9999
409A Huat  201512231 9999 9999 9999 9999 9999 9999 9999 9999 9999 9999 9999 9999
409A Huat  201512232 9999 9999 9999 9999 9999 9999 9999 9999 9999 9999 9999 9999
409A Huat  201512241 9999 9999 9999 9999 9999 9999 9999 9999 9999 9999 9999 9999
409A Huat  201512242 9999 9999 9999 9999 9999 9999 9999 9999 9999 9999 9999 9999
409A Huat  201512251 9999 9999 9999 9999 9999 9999 9999 9999 9999 9999 9999 9999
409A Huat  201512252 9999 9999 9999 9999 9999 9999 9999 9999 9999 9999 9999 9999
409A Huat  201512261 9999 9999 9999 9999 9999 9999 9999 9999 9999 9999 9999 9999
409A Huat  201512262 9999 9999 9999 9999 9999 9999 9999 9999 9999 9999 9999 9999
409A Huat  201512271 9999 9999 9999 9999 9999 9999 9999 9999 9999 9999 9999 9999
409A Huat  201512272 9999 9999 9999 9999 9999 9999 9999 9999 9999 9999 9999 9999
409A Huat  201512281 9999 9999 9999 9999 9999 9999 9999 9999 9999 9999 9999 9999
409A Huat  201512282 9999 9999 9999 9999 9999 9999 9999 9999 9999 9999 9999 9999
409A Huat  201512291 9999 9999 9999 9999 9999 9999 9999 9999 9999 9999 9999 9999
409A Huat  201512292 9999 9999 9999 9999 9999 9999 9999 9999 9999 9999 9999 9999
409A Huat  201512301 9999 9999 9999 9999 9999 9999 9999 9999 9999 9999 9999 9999
409A Huat  201512302 9999 9999 9999 9999 9999 9999 9999 9999 9999 9999 9999 9999
409A Huat  201512311 9999 9999 9999 9999 9999 9999 9999 9999 9999 9999 9999 9999
409A Huat  201512312 9999 9999 9999 9999 9999 9999 9999 9999 9999 9999 9999 9999
